

# c-band data for entire study area filtered
Af_VH<-c(-11.6496397270891,-11.388527341566,-11.1626211611812,-10.7709142055273,-10.4702081190412,-10.297278510782,-10.1690081784866,-10.3108921815994,-10.4585927612367,-10.6469050375461,-10.8954263888282,-11.3433629573715,-11.5629486389943,-12.176806242299,-11.3875939551695,-11.412660912257,-11.0148345117958,-10.5920282009116,-10.4080223909864,-10.5102313930756,-10.7545750593137,-10.836326037146,-10.9514240458166,-10.79074830457,-11.0437794299733,-11.3831906257456,-11.3219999328164,-11.1914712459036,-10.8716920150463,-10.5824866516703,-10.3750507977272,-10.5146818625503,-10.648118778215,-10.8260973882162,-10.8561668190584,-10.7594025741754,-10.6735535503422,-10.9371578153411,-10.8932755194734,-10.947252223265,-10.7979006293638,-10.7266496443522,-10.5355030905843,-10.4944902880017,-10.6386455498984,-10.7151306131783,-10.8695360729576,-10.6593247178208,-10.7993114715929,-10.8706502058605,-11.1163068930441,-11.0823111917478,-10.8966812119788,-10.7488579748798,-10.652236954551,-10.7105578510892,-10.8731284291486,-10.9211600178523,-10.8993200377925,-10.8163121268858,-10.7993240917353,-10.9158597742678,-10.9352007042387,-11.0525225277176,-10.821631630293,-10.6506113015956,-10.4648729854706,-10.499520744261,-10.5770915287971,-10.7755613840533,-10.9273970876162,-11.0440249800324) 
# c-band data for entire study area non-filtered starting Jan 2015
A_VH<-c(-11.8839818665544,-11.3558385707335,-11.254312161456,-10.7165536473514,-10.3968146627144,-10.2935563631455,-9.98707726975831,-10.3216664382143,-10.4783742578554,-10.5762481315342,-10.8499611784531,-11.3270343505167,-11.3604103732633,-13.1611581503915,-10.7665752480822,-11.5737204120313,-11.2215084754322,-10.3722828774767,-10.1903814618587,-10.4731408594664,-10.8416239713654,-10.8476378161834,-11.173218070413,-10.4472606056287,-10.9463593123311,-11.7186234393964,-11.34221112523,-11.262145391818,-10.9028354676566,-10.5160659747652,-10.1446575162199,-10.5363126118815,-10.6250718344569,-10.9027820031965,-11.0041475854632,-10.7017251876931,-10.4150300996847,-11.1613423904543,-10.8621792642395,-11.0216955258252,-10.7651247159998,-10.820903173295,-10.4366825938873,-10.3690665468568,-10.6608773673843,-10.703461079042,-11.1167445487895,-10.436490504683,-10.7931850479193,-10.7696333132921,-11.3036351868597,-11.1998716163323,-10.8416766882024,-10.728247539564,-10.5502409158795,-10.6331036366773,-10.9610189186494,-10.9773051843848,-10.9403690798834,-10.7542094741763,-10.7255777384373,-10.9612898565456,-10.8670549288722,-11.2831033431448,-10.8057147398128,-10.6248210798265,-10.3423873498234,-10.4791016177709,-10.5105915916996,-10.7888602616332,-10.9832376867362,-11.1068148641976) 
# choosing to use filtered data, comment if you want to use the raw data 

# VV non filtered starting nov 2014
A_VV<-c(-4.71247797421165,-4.35650008847489,-4.13534224776281,-4.20037008246058,-4.22962263690619,-3.96140334828088,-3.62360194641302,-3.59037825701727,-3.44223083800516,-3.54048449851036,-3.72353581484634,-3.72780640072391,-3.94217815425461,-4.57394887146103,-4.23965183231686,-5.68192517121572,-4.25991895262335,-5.34508588500547,-4.985449840676,-4.10829254114234,-4.10138606253695,-4.27838480467467,-4.51952254751742,-4.54939177296126,-4.89124033407253,-3.85157601292932,-3.98958536913393,-4.8978217428445,-4.49957638205734,-4.9764390253033,-4.49615084482123,-4.19541485877037,-3.96513525107452,-4.243123111489,-4.26425270884905,-4.39414348868675,-4.25250135444339,-4.02659193765797,-3.77609807371379,-4.40408143134011,-4.46415501752069,-4.63581715761892,-4.50088614052079,-4.42095978942434,-4.2648672007681,-4.19070464826195,-4.47137185707379,-4.32614812420211,-4.6552205645138,-3.90511242823175,-3.99179515082285,-4.12619089507808,-4.45107623992282,-4.673207693693,-4.49627313892269,-4.36588929468776,-4.28422757230485,-4.31601127517476,-4.56821308066508,-4.56954370642449,-4.51910452990339,-4.22878312384214,-4.12742643806986,-4.2962403874888,-4.40635684217088,-4.80140517735736,-4.44533113112143,-4.26322102174144,-4.08933165828022,-4.18225504859698,-4.20884358831662,-4.36161895711952,-4.46636496368263,-4.28954176861992)

A_VV<-c(0.343449,0.337872,0.366733,0.385892,0.380157,0.377605,0.401661,0.43415,0.437484,0.452665,0.442539,0.424274,0.423857,0.403443,0.348823,0.376734,0.270276,0.37498,0.292073,0.317289,0.388303,0.388921,0.373389,0.353222,0.350801,0.324247,0.411948,0.399063,0.323756,0.354848,0.317948,0.355128,0.380591,0.401316,0.376433,0.374606,0.363568,0.375621,0.395677,0.41917,0.362737,0.357754,0.343889,0.354741,0.36133,0.374553,0.381004,0.35716,0.369305,0.342356,0.406901,0.39886,0.386706,0.358833,0.340941,0.355118,0.365941,0.372887,0.370168,0.349284,0.349177,0.353256,0.377678,0.386596,0.371857,0.362547,0.331024,0.359308,0.374695,0.390002,0.381746,0.379416,0.366301,0.357572,0.372431)
A_VV<-10*log10(abs(A_VV))



An<-A_VV
A=A_VV

x = c(1:length(A))  


# Divide data according to years
A2015<-A[1 :12]
A2016<-A[13:24]
A2017<-A[25:36]
A2018<-A[37:48]
A2019<-A[49:60]
A2020<-A[61:72]

# Calculate mean value for each year
m_A15=mean(A2015)
m_A16=mean(A2016)
m_A17=mean(A2017)
m_A18=mean(A2018)
m_A19=mean(A2019)
m_A20=mean(A2020)

# Calculate std for each year
sd_A15=sd(A2015)
sd_A16=sd(A2016)
sd_A17=sd(A2017)
sd_A18=sd(A2018)
sd_A19=sd(A2019)
sd_A20=sd(A2020)
print ("Hello 1")
# manual definition of peak coordinates
peaks<-c(A2015[7],A2016[7],A2017[7],A2018[8],A2019[7],A2020[7])
peaks<-c((A[3]+A[9])/2.0,(A[15]+A[21])/2.0,(A[26]+A[33])/2.0,(A[39]+A[46])/2.0,(A[50]+A[57])/2.0,(A[63]+A[69])/2.0)
# 3  9 15 17 21 26 29 33 39 46 48 50 57 63 69
xpeaks<-c(7      ,7+12    ,7+12*2  ,8+12*3  ,7+12*4  ,7+12*5  )
xpeaks<-c(as.integer(3+9/2),as.integer((15+21)/2),as.integer((26+33)/2),as.integer((39+46)/2) ,as.integer((50+57)/2),as.integer((63+69)/2))

#group means and stds into arrays for easy interpretation
sds<-c(sd_A15,sd_A16,sd_A17,sd_A18,sd_A19,sd_A20)
means<-c(m_A15,m_A16,m_A17,m_A18,m_A19,m_A20)
# means=-10.79695 -11.03318 -10.86451 -10.74070 -10.86557 -10.78863
# stds= 0.4902407 0.5133871 0.3188508 0.1506143 0.1365497 0.2012161

# these are for drawing the polygon, L represent the lower value of STD on the graph and H the higher
sds_L<-means-sds/2
sds_H<-means+sds/2


# ** START for non filtered data
# Divide data according to years
An2015<-An[1 :12]
An2016<-An[13:24]
An2017<-An[25:36]
An2018<-An[37:48]
An2019<-An[49:60]
An2020<-An[61:72]

# Calculate mean value for each year
mn_A15=mean(An2015)
mn_A16=mean(An2016)
mn_A17=mean(An2017)
mn_A18=mean(An2018)
mn_A19=mean(An2019)
mn_A20=mean(An2020)
print ("Hello 2")
# Calculate std for each year
sdn_A15=sd(An2015)
sdn_A16=sd(An2016)
sdn_A17=sd(An2017)
sdn_A18=sd(An2018)
sdn_A19=sd(An2019)
sdn_A20=sd(An2020)

# manual definition of peak coordinates
# peak = 3  9 15 17 21 26 29 33 39 46 48 50 57 63 69
peaksn<-c(An2015[7],An2016[7],An2017[7],An2018[8],An2019[7],An2020[7])
# peaksn<-c((An[3]+An[9])/2.0,(An[15]+An[21])/2.0,(An[26]+An[33])/2.0,(An[39]+An[46])/2.0,(An[50]+An[57])/2.0,(An[63]+An[69])/2.0)
xpeaksn<-c(7      ,7+12    ,7+12*2  ,8+12*3  ,7+12*4  ,7+12*5  )


#group means and stds into arrays for easy interpretation
sdsn<-c(sdn_A15,sdn_A16,sdn_A17,sdn_A18,sdn_A19,sdn_A20)
meansn<-c(mn_A15,mn_A16,mn_A17,mn_A18,mn_A19,mn_A20)
print (meansn)
print (sdsn)
# means= -10.78678 -11.03574 -10.88358 -10.73080 -10.87104 -10.78988
# stds=  0.5590332 0.7936562 0.4233776 0.2787666 0.2195524 0.2735137

# these are for drawing the polygon, L represent the lower value of STD on the graph and H the higher
sdsn_L<-meansn-sdsn/2
sdsn_H<-meansn+sdsn/2

# ** END for non filtered data


print ("Hello 3")

# these are the corresponsing Julies were the std will be drawn on
sds_X<-c(7      ,7+12    ,7+12*2  ,7+12*3  ,7+12*4  ,7+12*5  )
xm<-sds_X
