
# Rscript "/home/milto/Documents/ASTARTE/Scripts/WP6/RGraphs/TrendLineAllStudyAreaSentinel1VH_tidy_with_normalisation.r"


# c-band data for entire study area filtered
Af<-c(-11.6496397270891,-11.388527341566,-11.1626211611812,-10.7709142055273,-10.4702081190412,-10.297278510782,-10.1690081784866,-10.3108921815994,-10.4585927612367,-10.6469050375461,-10.8954263888282,-11.3433629573715,-11.5629486389943,-12.176806242299,-11.3875939551695,-11.412660912257,-11.0148345117958,-10.5920282009116,-10.4080223909864,-10.5102313930756,-10.7545750593137,-10.836326037146,-10.9514240458166,-10.79074830457,-11.0437794299733,-11.3831906257456,-11.3219999328164,-11.1914712459036,-10.8716920150463,-10.5824866516703,-10.3750507977272,-10.5146818625503,-10.648118778215,-10.8260973882162,-10.8561668190584,-10.7594025741754,-10.6735535503422,-10.9371578153411,-10.8932755194734,-10.947252223265,-10.7979006293638,-10.7266496443522,-10.5355030905843,-10.4944902880017,-10.6386455498984,-10.7151306131783,-10.8695360729576,-10.6593247178208,-10.7993114715929,-10.8706502058605,-11.1163068930441,-11.0823111917478,-10.8966812119788,-10.7488579748798,-10.652236954551,-10.7105578510892,-10.8731284291486,-10.9211600178523,-10.8993200377925,-10.8163121268858,-10.7993240917353,-10.9158597742678,-10.9352007042387,-11.0525225277176,-10.821631630293,-10.6506113015956,-10.4648729854706,-10.499520744261,-10.5770915287971,-10.7755613840533,-10.9273970876162,-11.0440249800324) 
# c-band data for entire study area filtered
A<-c(-11.8839818665544,-11.3558385707335,-11.254312161456,-10.7165536473514,-10.3968146627144,-10.2935563631455,-9.98707726975831,-10.3216664382143,-10.4783742578554,-10.5762481315342,-10.8499611784531,-11.3270343505167,-11.3604103732633,-13.1611581503915,-10.7665752480822,-11.5737204120313,-11.2215084754322,-10.3722828774767,-10.1903814618587,-10.4731408594664,-10.8416239713654,-10.8476378161834,-11.173218070413,-10.4472606056287,-10.9463593123311,-11.7186234393964,-11.34221112523,-11.262145391818,-10.9028354676566,-10.5160659747652,-10.1446575162199,-10.5363126118815,-10.6250718344569,-10.9027820031965,-11.0041475854632,-10.7017251876931,-10.4150300996847,-11.1613423904543,-10.8621792642395,-11.0216955258252,-10.7651247159998,-10.820903173295,-10.4366825938873,-10.3690665468568,-10.6608773673843,-10.703461079042,-11.1167445487895,-10.436490504683,-10.7931850479193,-10.7696333132921,-11.3036351868597,-11.1998716163323,-10.8416766882024,-10.728247539564,-10.5502409158795,-10.6331036366773,-10.9610189186494,-10.9773051843848,-10.9403690798834,-10.7542094741763,-10.7255777384373,-10.9612898565456,-10.8670549288722,-11.2831033431448,-10.8057147398128,-10.6248210798265,-10.3423873498234,-10.4791016177709,-10.5105915916996,-10.7888602616332,-10.9832376867362,-11.1068148641976) 
# choosing to use filtered data, comment if you want to use the raw data
# c-band data for entire study area non-filtered
A_VH_N<-c(0.1638784254489709,0.18946871297211065,0.1485525153143707,0.0,0.24371560023156164,0.2978977522484425,0.5848862685070864,0.755523114571315,0.8106295339164451,0.9741899015694453,0.7956278769936399,0.7119967610460165,0.6597638776032658,0.5136899444984395,0.2590877053776156,0.2412757414654882,0.0,0.558190968296887,0.12743741083297572,0.3154042741033026,0.7686151260632577,0.8656914456459657,0.7147896972790069,0.5181393072310827,0.5149298658999971,0.3411756776654409,0.7286013533559579,0.46224462715593184,0.050106222698948266,0.25098823332402176,0.2937173495209675,0.48547223448783966,0.6918816171153056,0.8900931928470064,0.6810764839694183,0.6337078660432145,0.4855007671575218,0.4314044445677377,0.592799853367421,0.7458019830745588,0.3475134364949424,0.5071694520851917,0.4220395396228538,0.5589650816566819,0.5291974884369074,0.7342465785175011,0.7703316027497306,0.6145993321954357,0.5918734507730489,0.371314209652441,0.734349091809772,0.5439899714313895,0.5565589539740833,0.271575264539336,0.32695133458994097,0.5181111735494802,0.5786455253345191,0.673643290084881,0.6294214903900963,0.4544211551775796,0.4457295750050497,0.4654414671446987,0.5647902782335382,0.5800703326484883,0.454276562274251,0.5045674295750916,0.28253260544466224,0.5373031824891585,0.633841687633053,0.7845696351950779,0.7116085869167773,0.6948031609536571,0.5462980036927708,0.4425635441512491,0.3766134385315841) 
# choosing to use filtered data, comment if you want to use the raw data
A_VH<-c(-11.505437310923842,-11.457486280780348,-11.53415497101954,-11.883981866554372,-11.355838570733457,-11.254312161456049,-10.716553647351379,-10.396814662714418,-10.293556363145528,-9.987077269758315,-10.321666438214335,-10.478374257855375,-10.576248131534214,-10.849961178453075,-11.327034350516671,-11.360410373263306,-13.161158150391486,-10.76657524808218,-11.573720412031285,-11.22150847543216,-10.3722828774767,-10.190381461858733,-10.473140859466401,-10.841623971365449,-10.84763781618339,-11.173218070413036,-10.447260605628745,-10.946359312331078,-11.718623439396412,-11.34221112523001,-11.262145391817992,-10.902835467656553,-10.516065974765162,-10.144657516219866,-10.536312611881467,-10.625071834456875,-10.90278200319654,-11.004147585463224,-10.701725187693086,-10.415030099684726,-11.161342390454347,-10.862179264239542,-11.021695525825248,-10.765124715999786,-10.82090317329496,-10.436682593887252,-10.369066546856763,-10.66087736738433,-10.703461079042004,-11.116744548789548,-10.436490504682965,-10.793185047919302,-10.76963331329214,-11.303635186859722,-11.199871616332281,-10.841676688202387,-10.728247539564,-10.55024091587952,-10.633103636677275,-10.961018918649355,-10.977305184384772,-10.940369079883448,-10.75420947417626,-10.725577738437341,-10.961289856545609,-10.86705492887219,-11.283103343144846,-10.805714739812844,-10.624821079826534,-10.342387349823374,-10.479101617770938,-10.510591591699647,-10.788860261633193,-10.983237686736242,-11.106814864197638)
A_VV_N<-c(0.2871040109132067,0.24008648214555717,0.47548837028161334,0.621736143993646,0.5787343855063932,0.5593901879446622,0.7367588659068602,0.9601409663149323,0.98211120527632,1.080078476714418,1.0151050664944732,0.8940564642699378,0.8912324012612269,0.7494721471383627,0.3316933309299893,0.5527580581670775,0.0,0.5393557694902007,0.0,0.059575008404036456,0.6396236371979112,0.6441907695092758,0.5271446276943365,0.3676844976119126,0.3479325064114247,0.12187409108138908,0.8093857428747971,0.718122593300862,0.11752192170909387,0.380874544517941,0.06553370145034254,0.38313979178630075,0.5820111874077181,0.7342910245067018,0.550462562564368,0.53648993304606,0.45059545462368633,0.5442608961482278,0.693650803189617,0.8592979708975627,0.4440236686826895,0.4042980672320748,0.29078092608448436,0.3800084243805651,0.43286230860707764,0.536083580393872,0.5851259664196363,0.3995256987079464,0.4955595881429797,0.2779497958307785,0.7739830570586672,0.7166613037017515,0.6277877718820618,0.4129468318447309,0.26605522501448564,0.383058920857107,0.4692794540562877,0.5232809086623624,0.5022629073557706,0.33548630807104163,0.3346063887594263,0.3679609252765482,0.5599453431054459,0.626970729125215,0.5153370461657355,0.44251897969129395,0.18128049344253783,0.4167459708182022,0.5371721695074498,0.6521621341251324,0.5907135374312795,0.5731310057528599,0.4721033528624179,0.40283666886985864,0.5197667245048119)
