

# c-band data for entire study area filtered
Af<-c(-11.6496397270891,-11.388527341566,-11.1626211611812,-10.7709142055273,-10.4702081190412,-10.297278510782,-10.1690081784866,-10.3108921815994,-10.4585927612367,-10.6469050375461,-10.8954263888282,-11.3433629573715,-11.5629486389943,-12.176806242299,-11.3875939551695,-11.412660912257,-11.0148345117958,-10.5920282009116,-10.4080223909864,-10.5102313930756,-10.7545750593137,-10.836326037146,-10.9514240458166,-10.79074830457,-11.0437794299733,-11.3831906257456,-11.3219999328164,-11.1914712459036,-10.8716920150463,-10.5824866516703,-10.3750507977272,-10.5146818625503,-10.648118778215,-10.8260973882162,-10.8561668190584,-10.7594025741754,-10.6735535503422,-10.9371578153411,-10.8932755194734,-10.947252223265,-10.7979006293638,-10.7266496443522,-10.5355030905843,-10.4944902880017,-10.6386455498984,-10.7151306131783,-10.8695360729576,-10.6593247178208,-10.7993114715929,-10.8706502058605,-11.1163068930441,-11.0823111917478,-10.8966812119788,-10.7488579748798,-10.652236954551,-10.7105578510892,-10.8731284291486,-10.9211600178523,-10.8993200377925,-10.8163121268858,-10.7993240917353,-10.9158597742678,-10.9352007042387,-11.0525225277176,-10.821631630293,-10.6506113015956,-10.4648729854706,-10.499520744261,-10.5770915287971,-10.7755613840533,-10.9273970876162,-11.0440249800324) 
# c-band data for entire study area filtered
A<-c(-11.8839818665544,-11.3558385707335,-11.254312161456,-10.7165536473514,-10.3968146627144,-10.2935563631455,-9.98707726975831,-10.3216664382143,-10.4783742578554,-10.5762481315342,-10.8499611784531,-11.3270343505167,-11.3604103732633,-13.1611581503915,-10.7665752480822,-11.5737204120313,-11.2215084754322,-10.3722828774767,-10.1903814618587,-10.4731408594664,-10.8416239713654,-10.8476378161834,-11.173218070413,-10.4472606056287,-10.9463593123311,-11.7186234393964,-11.34221112523,-11.262145391818,-10.9028354676566,-10.5160659747652,-10.1446575162199,-10.5363126118815,-10.6250718344569,-10.9027820031965,-11.0041475854632,-10.7017251876931,-10.4150300996847,-11.1613423904543,-10.8621792642395,-11.0216955258252,-10.7651247159998,-10.820903173295,-10.4366825938873,-10.3690665468568,-10.6608773673843,-10.703461079042,-11.1167445487895,-10.436490504683,-10.7931850479193,-10.7696333132921,-11.3036351868597,-11.1998716163323,-10.8416766882024,-10.728247539564,-10.5502409158795,-10.6331036366773,-10.9610189186494,-10.9773051843848,-10.9403690798834,-10.7542094741763,-10.7255777384373,-10.9612898565456,-10.8670549288722,-11.2831033431448,-10.8057147398128,-10.6248210798265,-10.3423873498234,-10.4791016177709,-10.5105915916996,-10.7888602616332,-10.9832376867362,-11.1068148641976) 
# choosing to use filtered data, comment if you want to use the raw data

# c-band data for entire study area non-filtered
A_VH<-c(0.070706,0.071491,0.070240,0.064804,0.073184,0.074915,0.084790,0.091268,0.093464,0.100298,0.092861,0.089570,0.087574,0.082225,0.073671,0.073107,0.048293,0.083819,0.069603,0.075483,0.091785,0.095711,0.089678,0.082383,0.082269,0.076327,0.090214,0.080420,0.067319,0.073414,0.074780,0.081230,0.088796,0.096724,0.088383,0.086595,0.081231,0.079357,0.085080,0.090886,0.076536,0.081994,0.079037,0.083847,0.082777,0.090434,0.091853,0.085884,0.085046,0.077326,0.090438,0.083307,0.083760,0.074069,0.075860,0.082382,0.084562,0.088100,0.086435,0.080149,0.079849,0.080531,0.084058,0.084614,0.080144,0.081902,0.074420,0.083067,0.086600,0.092419,0.089555,0.088908,0.083390,0.079740,0.077503) 
# choosing to use filtered data, comment if you want to use the raw data
A_VH<-10*log10(abs(A_VH))

VH <- c(0.070706,0.071491,0.07024,0.064804,0.073184,0.074915,0.08479,0.091268,0.093464,0.100298,0.092861,0.08957,0.087574,0.082225,0.073671,0.073107,0.048293,0.083819,0.069603,0.075483,0.091785,0.095711,0.089678,0.082383,0.082269,0.076327,0.090214,0.08042,0.067319,0.073414,0.07478,0.08123,0.088796,0.096724,0.088383,0.086595,0.081231,0.079357,0.08508,0.090886,0.076536,0.081994,0.079037,0.083847,0.082777,0.090434,0.091853,0.085884,0.085046,0.077326,0.090438,0.083307,0.08376,0.074069,0.07586,0.082382,0.084562,0.0881,0.086435,0.080149,0.079849,0.080531,0.084058,0.084614,0.080144,0.081902,0.07442,0.083067,0.0866,0.092419,0.089555,0.088908,0.08339,0.07974,0.077503)
VH <- 10*log10(abs(VH));

VH121 <-c(-11.489453634209346,-11.48864121087602,-11.602444522343449,-11.664489318715436,-11.462492792369334,-11.145254135249232,-10.771058529718307,-10.450934833981435,-10.242751164690947,-10.147344335219124,-10.277196101010588,-10.463665771364825,-10.62020792484422,-10.900801209739258,-11.21611006318743,-11.802253311858692,-12.112325480532114,-11.567007264646783,-11.283881136894227,-11.097255060093076,-10.539113923061073,-10.306546665165142,-10.494571788039247,-10.751006654595173,-10.927529418536317,-10.910333640659552,-10.7535246485004,-11.014650667421828,-11.431454329088478,-11.416297770418605,-11.192334344130636,-10.895970575474065,-10.519906233351685,-10.33542340477159,-10.460588643609919,-10.672309570997939,-10.858695856578295,-10.903200590454018,-10.70565701513353,-10.673281944379221,-10.899973536208241,-10.976849111189669,-10.917673757972455,-10.843212032779943,-10.71090341411924,-10.515833726981556,-10.458923263746277,-10.598570590166858,-10.796136018564471,-10.843360170326015,-10.695727651518695,-10.698123478453427,-10.909021715340826,-11.144193825835966,-11.136263776931667,-10.902868133075264,-10.712103170802477,-10.61545825200008,-10.694366776970856,-10.883111664590189,-10.963999591825585,-10.903063204581983,-10.793591441668326,-10.791663701899136,-10.878803095100189,-10.994625764358709,-11.059744088743681,-10.879838475649267,-10.599436062322322,-10.447174349311055,-10.452795544266223,-10.572286265700857,-10.767887450425569,-10.96553762482583,-11.065622471710507)

VH131 <-c(-11.493449553387968,-11.482410224856885,-11.588786612078668,-11.708387828283222,-11.44116194804216,-11.167065740490596,-10.760157553244921,-10.440110799728032,-10.252912204381865,-10.115290922126961,-10.286090168451338,-10.466607468662934,-10.611415966182218,-10.890633203482022,-11.23829492065328,-11.713884724139614,-12.322092014503989,-11.406920861333862,-11.34184899192164,-11.122105743160892,-10.5057477139442,-10.283313624503858,-10.490285602324677,-10.769130117949228,-10.91155109806573,-10.962910526610248,-10.692271839926068,-11.000992396403678,-11.488888151150064,-11.401480441380887,-11.206296553668107,-10.897343553910563,-10.51913818163438,-10.297270227061244,-10.475733437264228,-10.662862023689728,-10.867513085901944,-10.92338998945586,-10.704870649645441,-10.621631575440322,-10.952247307057462,-10.953915141799644,-10.938478111543015,-10.827594569423912,-10.732903365954385,-10.500003500362697,-10.440951920368374,-10.611031945610353,-10.777601030659978,-10.898037046018723,-10.643880222151548,-10.717135792346602,-10.881144034931088,-11.176082098040718,-11.148985344811791,-10.89062984410069,-10.715332044554781,-10.602414784775968,-10.68211414891214,-10.898693115402022,-10.966660710337424,-10.910524379642277,-10.785715048169914,-10.778446509206779,-10.895300447389271,-10.969111597261403,-11.104415939623914,-10.865013728481982,-10.604513065823165,-10.426216949413519,-10.45805675896717,-10.559947330900616,-10.772082012667095,-10.96907763720791,-11.075920569832288)

